316 0
312 0
310 0
246 0
173 0
116 0
86 0
57 0
270 0
209 0
118 0
241 0
236 0
137 0
55 0
355 0
333 0
8 0
263 0
138 0
99 0
361 0
193 0
185 0
168 0
104 0
142 0
162 0
187 0
69 0
314 0
251 1
238 1
46 1
140 1
115 1
95 1
56 1
327 1
159 1
362 1
119 1
285 1
176 1
13 1
284 1
315 1
379 1
194 1
322 1
197 1
136 1
22 1
313 1
190 1
44 1
188 1
239 2
344 2
318 2
348 2
341 2
232 2
165 2
353 2
127 2
58 2
33 2
229 2
105 2
354 2
183 2
380 2
113 2
40 2
107 3
290 3
218 3
132 3
230 3
54 3
205 3
350 3
174 3
161 3
254 3
328 3
68 3
269 3
381 3
357 3
309 3
373 4
37 4
220 4
325 4
224 4
78 4
146 4
300 4
281 4
117 4
61 4
169 4
180 4
2 4
275 4
83 4
277 4
217 4
368 5
369 5
377 5
378 5
366 5
365 5
364 5
367 5
376 5
195 5
383 5
179 6
102 6
17 6
347 6
53 6
144 6
308 6
235 6
172 6
133 6
225 6
382 6
34 7
19 7
299 7
201 7
189 7
163 7
80 7
64 7
211 7
141 7
112 7
196 8
42 8
38 8
171 8
352 8
216 8
11 8
286 8
135 8
100 8
203 8
114 8
266 8
257 8
156 8
85 8
375 9
306 9
358 9
243 9
192 9
148 9
363 9
155 9
253 9
283 9
9 9
63 9
39 9
31 9
319 10
297 10
154 10
139 10
47 10
276 10
52 10
14 10
282 10
249 10
186 10
339 11
130 11
49 11
3 11
320 11
41 11
274 11
167 11
158 11
111 11
259 11
250 12
74 12
234 12
124 12
329 12
261 12
152 12
96 12
66 12
326 12
351 12
385 12
221 12
360 12
91 12
305 12
6 12
384 12
280 12
106 13
219 13
149 13
346 13
214 13
50 13
160 13
157 13
48 13
317 13
97 14
121 14
256 14
184 14
359 14
245 14
75 14
227 14
166 14
108 14
231 14
291 14
27 15
296 15
267 15
76 15
331 15
302 15
264 15
175 15
289 15
134 15
294 16
147 16
45 16
208 16
262 16
244 16
343 16
81 16
252 17
122 17
70 17
92 17
345 17
16 17
170 17
150 17
287 17
342 17
248 18
279 18
84 18
273 18
226 18
292 18
32 18
98 18
131 18
20 18
110 18
129 19
77 19
228 19
288 19
268 19
181 19
182 19
60 19
93 19
87 20
79 20
191 20
35 20
177 20
265 20
210 20
73 20
28 21
233 21
82 21
258 21
109 21
164 21
307 21
103 21
370 22
128 22
298 22
202 22
24 22
1 22
143 22
335 22
272 22
200 22
295 23
90 23
23 23
207 23
59 23
4 23
324 23
213 23
67 23
21 24
125 24
334 24
178 24
51 24
10 24
349 25
311 25
101 25
36 25
206 25
278 25
255 26
242 26
337 26
7 26
151 26
199 26
62 26
12 27
247 27
330 27
126 27
356 27
222 27
145 27
43 27
65 27
301 28
94 28
237 28
321 28
89 28
212 29
72 29
340 29
25 29
123 29
5 29
71 30
29 30
260 30
338 30
198 30
30 31
15 31
271 31
26 31
240 31
223 32
215 32
204 32
336 33
371 33
18 34
323 34
120 34
374 35
372 35
293 36
153 36
88 36
332 37
304 37
303 38
