104 0
98 0
85 0
63 0
47 0
30 0
2 0
106 0
103 0
91 0
88 0
67 0
50 0
41 0
9 0
137 0
102 0
55 0
105 0
90 0
82 0
19 0
73 0
51 0
48 0
25 0
14 0
93 0
11 0
107 0
87 0
62 0
46 0
34 0
17 0
1 0
120 0
4 0
129 0
119 0
79 0
56 0
39 0
125 0
80 0
71 0
66 0
16 0
15 0
131 0
114 0
110 0
65 0
60 0
59 0
42 0
23 0
6 0
113 0
75 0
3 0
121 0
86 0
26 0
37 0
31 0
132 0
128 0
111 0
44 0
38 0
22 0
5 0
43 0
24 0
136 1
84 1
27 1
12 1
10 1
124 1
96 1
77 1
127 1
13 1
109 1
76 1
49 1
134 1
68 1
28 1
112 1
126 1
117 1
122 1
40 1
97 1
35 1
94 1
69 1
52 1
33 1
92 1
8 1
101 2
89 2
7 2
100 2
64 2
21 2
53 2
29 2
133 2
115 2
123 2
130 2
18 3
70 3
61 3
58 3
138 4
32 4
108 5
118 5
54 5
99 5
83 5
20 5
45 5
95 6
81 6
78 6
57 6
72 7
135 7
36 8
116 9
74 10
